0 
1 
2 
3 
4 
5 
6 
7 
8 
9 
10 
11 
12 
13 
14 
15 
16 
17 
18 
19 
20 
21 
22 
23 
24 
25 
26 
27 
28 
29 
30 
31 
32 
33 
34 
35 
36 
37 
38 
39 
40 
41 
42 
43 
44 
45 
46 
47 
48 
49 
50 
51 
52 
53 
54 
55 
56 
57 
58 
59 
60 
61 
62 174
63 1949
64 1353
65 1050
66 347
67 620
68 677
69 1049
70 823
71 451
72 714
73 495
74 713
75 690
76 556
77 274
78 218
79 284
80 159
81 231
82 144
83 146
84 209
85 238
86 143
87 203
88 121
89 192
90 86
91 100
92 146
93 72
94 148
95 102
96 49
97 94
98 92
99 80
100 38
101 63
102 55
103 35
104 37
105 47
106 40
107 41
108 42
109 46
110 36
111 89
112 53
113 48
114 25
115 40
116 32
117 26
118 32
119 59
120 63
121 45
122 28
123 30
124 22
125 17
126 13
127 22
128 16
129 60
130 20
131 25
132 19
133 9
134 12
135 17
136 18
137 9
138 31
139 20
140 18
141 11
142 7
143 13
144 7
145 11
146 15
147 23
148 9
149 14
150 7
151 14
152 3
153 11
154 13
155 2
156 8
157 5
158 19
159 8
160 21
161 20
162 21
163 13
164 4
165 3
166 9
167 5
168 17
169 13
170 9
171 6
172 8
173 3
174 10
175 1
176 10
177 6
178 7
179 7
180 15
181 7
182 7
183 3
184 4
185 4
186 2
187 4
188 5
189 
190 1
191 16
192 20
193 7
194 2
195 1
196 2
197 2
198 
199 2
200 8
201 7
202 5
203 2
204 
205 5
206 4
207 2
208 9
209 2
210 5
211 11
212 5
213 3
214 6
215 
216 7
217 2
218 1
219 5
220 4
221 5
222 4
223 
224 1
225 1
226 8
227 1
228 3
229 1
230 6
231 
232 1
233 
234 2
235 9
236 2
237 2
238 1
239 1
240 2
241 2
242 1
243 3
244 3
245 2
246 
247 3
248 1
249 1
250 1
251 
252 1
253 
254 
255 
256 1
257 
258 
259 
260 
261 
262 
263 
264 5
265 
266 
267 2
268 3
269 1
270 
271 10
272 
273 1
274 1
275 
276 1
277 1
278 1
279 1
280 
281 
282 
283 
284 
285 
286 
287 
288 1
289 1
290 
291 
292 
293 2
294 
295 
296 
297 
298 
299 
300 
301 
302 
303 
304 
305 
306 
307 
308 
309 
310 
311 2
312 1
313 
314 1
315 
316 
317 
318 
319 
320 
321 
322 3
323 
324 1
325 
326 
327 1
328 
329 1
330 
331 
332 1
333 1
334 
335 
336 
337 1
338 
339 2
340 1
341 1
342 
343 
344 
345 
346 
347 
348 6
349 
350 1
351 
352 
353 
354 4
355 
356 
357 1
358 1
359 3
360 
361 
362 2
363 
364 
365 
366 
367 1
368 1
369 
370 
371 2
372 
373 
374 
375 
376 
377 2
378 
379 
380 
381 1
382 
383 
384 
385 
386 
387 1
388 2
389 1
390 
391 
392 
393 
394 4
395 
396 
397 1
398 
399 
400 
401 
402 1
403 
404 
405 
406 1
407 
408 
409 
410 
411 
412 
413 
414 
415 3
416 1
417 
418 
419 
420 
421 
422 3
423 1
424 
425 
426 2
427 
428 3
429 
430 2
431 
432 
433 
434 
435 1
436 
437 
438 
439 
440 1
441 2
442 1
443 
444 1
445 
446 
447 
448 1
449 
450 1
451 1
452 
453 
454 
455 1
456 
457 
458 
459 
460 
461 
462 
463 
464 
465 1
466 
467 
468 
469 
470 
471 2
472 
473 
474 
475 
476 
477 
478 
479 
480 
481 
482 
483 
484 
485 1
486 
487 
488 
489 
490 1
491 
492 
493 
494 
495 
496 1
497 
498 1
499 
500 1
501 1
502 1
503 
504 
505 1
506 1
507 
508 
509 
510 
511 
512 
513 
514 
515 
516 
517 1
518 5
519 
520 1
521 1
522 2
523 8
524 6
525 3
526 
527 5
528 4
529 4
530 3
531 1
532 3
533 
534 1
535 2
536 2
537 2
538 3
539 1
540 1
541 2
542 6
543 3
544 1
545 
546 2
547 1
548 4
549 8
550 8
551 5
552 
553 18
554 8
555 3
556 2
557 
558 1
559 2
560 1
561 
562 1
563 
564 2
565 
566 1
567 2
568 
569 2
570 
571 
572 
573 3
574 
575 1
576 2
577 
578 
579 
580 
581 
582 
583 
584 
585 
586 
587 2
588 
589 1
590 
591 1
592 
593 
594 1
595 
596 
597 3
598 
599 
600 4
601 
602 
603 
604 
605 
606 
607 
608 
609 
610 
611 
612 1
613 
614 
615 
616 4
617 2
618 17
619 3
620 3
621 3
622 15
623 7
624 1
625 
626 1
627 2
628 
629 
630 2
631 
632 
633 
634 1
635 
636 1
637 
638 
639 
640 
641 
642 
643 
644 
645 
646 
647 
648 
649 
650 
651 
652 
653 3
654 1
655 
656 1
657 1
658 
659 
660 
661 
662 
663 
664 
665 
666 
667 
668 
669 
670 
671 
672 
673 
674 
675 
676 
677 
678 
679 
680 
681 
682 
683 
684 
685 
686 
687 
688 
689 1
690 
691 
692 
693 
694 
695 
696 2
